% -------------------------------------------------------------------
%  Generated by MATLAB on 8-Oct-2024 17:45:05
%  MATLAB version: 9.11.0.1769968 (R2021b)
% -------------------------------------------------------------------
                                 

A = ...
  [1 0 -2;
   2 1 3;
   0 1 0];

B = ...
  [2 1 1;
   1 0 -1;
   1 1 0];

C = ...
  [-1 -1 -3;
   1 1 4;
   -1 0 0];

D = ...
  [0 -1 1;
   8 5 1;
   1 0 -1];

E = ...
  [2 0 -2;
   2 0 -3;
   0 1 0];

x = [0 0.01 0.02 0.03 0.04 0.05 0.06 0.07 0.08 0.09 0.1 0.11 0.12 0.13 ...
     0.14 0.15 0.16 0.17 0.18 0.19 0.2 0.21 0.22 0.23 0.24 0.25 0.26 0.27 ...
     0.28 0.29 0.3 0.31 0.32 0.33 0.34 0.35000000000000003 0.36 0.37 0.38 ...
     0.39 0.4 0.41000000000000003 0.42 0.43 0.44 0.45 0.46 0.47000000000000003 ...
     0.48 0.49 0.5 0.51 0.52 0.53 0.54 0.55 0.56 0.57000000000000006 0.58 ...
     0.59 0.6 0.61 0.62 0.63 0.64 0.65 0.66 0.67 0.68 0.69000000000000006 ...
     0.70000000000000007 0.71 0.72 0.73 0.74 0.75 0.76 0.77 0.78 0.79 0.8 ...
     0.81 0.82000000000000006 0.83000000000000007 0.84 0.85 0.86 0.87 0.88 ...
     0.89 0.9 0.91 0.92 0.93 0.94000000000000006 0.95000000000000007 0.96 ...
     0.97 0.98 0.99 1 1.01 1.02 1.03 1.04 1.05 1.06 1.07 1.08 1.09 1.1 ...
     1.11 1.12 1.1300000000000001 1.1400000000000001 1.1500000000000001 ...
     1.16 1.17 1.18 1.19 1.2 1.21 1.22 1.23 1.24 1.25 1.26 1.27 1.28 1.29 ...
     1.3 1.31 1.32 1.33 1.34 1.35 1.36 1.37 1.3800000000000001 1.3900000000000001 ...
     1.4000000000000001 1.41 1.42 1.43 1.44 1.45 1.46 1.47 1.48 1.49 1.5 ...
     1.51 1.52 1.53 1.54 1.55 1.56 1.57 1.58 1.59 1.5999999999999999 1.6099999999999999 ...
     1.6199999999999999 1.63 1.64 1.65 1.66 1.67 1.68 1.69 1.7 1.71 1.72 ...
     1.73 1.74 1.75 1.76 1.77 1.78 1.79 1.8 1.81 1.82 1.83 1.84 1.8499999999999999 ...
     1.8599999999999999 1.8699999999999999 1.88 1.89 1.9 1.91 1.92 1.93 ...
     1.94 1.95 1.96 1.97 1.98 1.99 2 2.01 2.02 2.0300000000000002 2.04 ...
     2.05 2.06 2.07 2.08 2.09 2.1 2.11 2.12 2.13 2.14 2.15 2.16 2.17 2.1799999999999997 ...
     2.19 2.2 2.21 2.2199999999999998 2.23 2.24 2.25 2.26 2.27 2.2800000000000002 ...
     2.29 2.3 2.31 2.32 2.33 2.34 2.35 2.36 2.37 2.38 2.39 2.4 2.41 2.42 ...
     2.4299999999999997 2.44 2.45 2.46 2.4699999999999998 2.48 2.49 2.5 ...
     2.51 2.52 2.53 2.54 2.55 2.56 2.57 2.58 2.59 2.6 2.61 2.62 2.63 2.64 ...
     2.65 2.66 2.67 2.68 2.69 2.7 2.71 2.7199999999999998 2.73 2.74 2.75 ...
     2.76 2.77 2.78 2.79 2.8 2.81 2.82 2.83 2.84 2.85 2.86 2.87 2.88 2.89 ...
     2.9 2.91 2.92 2.93 2.94 2.95 2.96 2.97 2.98 2.99 3];

y = [0 1.0000000000000003E-31 3.276800000000001E-27 1.4348906999999993E-24 ...
     1.0737418240000003E-22 3.0517578125000026E-21 4.7018498457599977E-20 ...
     4.7475615099430064E-19 3.5184372088832011E-18 2.0589113209464889E-17 ...
     1.0000000000000008E-16 4.1772481694156515E-16 1.5407021574586361E-15 ...
     5.1185893014090779E-15 1.5556809555781243E-14 4.3789389038085913E-14 ...
     1.1529215046068473E-13 2.8624230515098188E-13 6.7466406164774547E-13 ...
     1.5181127029874801E-12 3.2768000000000028E-12 6.8122318582951645E-12 ...
     1.3688006801541207E-11 2.6663523546439144E-11 5.0485728295604586E-11 ...
     9.3132257461547857E-11 1.6772593422857266E-10 2.9543127065508367E-10 ...
     5.0976553552383978E-10 8.6291887475981757E-10 1.4348906999999992E-9 ...
     2.3465261991844684E-9 3.7778931862957173E-9 5.9938945498865456E-9 ...
     9.3795878551873741E-9 1.4488407928292869E-8 2.2107391972073324E-8 ...
     3.3344626795181526E-8 4.9745517051493749E-8 7.344616185711384E-8 1.0737418240000009E-7 ...
     1.5550983149915396E-7 2.2322321353261595E-7 3.1770703657979548E-7 ...
     4.4852860687290227E-7 6.2832987089431477E-7 8.7371033956971787E-7 ...
     1.2063348350820379E-6 1.6543163447903711E-6 2.2539340290692253E-6 ...
     3.0517578125E-6 4.1072642160770565E-6 5.4960434128018691E-6 7.3137151889028672E-6 ...
     9.6806918768257818E-6 1.2747949735765552E-5 1.6703997068045182E-5 ...
     2.1783257990686006E-5 2.8276125688129702E-5 3.6540978656061666E-5 ...
     4.7018498457599973E-5 6.024867845350402E-5 7.6890970494876659E-5 9.7748081397114567E-5 ...
     0.00012379400392853806 0.00015620694889554072 0.00019640793661068233 ...
     0.0002461059085914094 0.00030735033483877988 0.00038259241966016563 ...
     0.00047475615099430073 0.00058732059593854884 0.00072441502014089867 ...
     0.00089092860249014982 0.0010926367308245082 0.0013363461010158062 ...
     0.0016300611027433472 0.0019831742626597606 0.0024066838317339063 ...
     0.0029134419507545611 0.003518437208883203 0.004239115827521624 0.0050957461585642771 ...
     0.006111831685486591 0.0073145782610367594 0.0087354219101251664 0.010410624174646738 ...
     0.012381942682473281 0.014697385390011261 0.017412057781099933 0.020589113209464906 ...
     0.024300817552575772 0.028629740407020515 0.033670086205161445 0.039529179875968219 ...
     0.046329123015975388 0.05420863798609088 0.06332511891367891 0.073856910264540374 ...
     0.086005835464128849 0.1 0.11609689553699987 0.134586833832413 0.15579674166007651 ...
     0.18009435055069165 0.20789281794113687 0.23965581930996915 0.27590315407153365 ...
     0.31721691141982722 0.36424824596875238 0.4177248169415656 0.47845894883376844 ...
     0.54735657592570452 0.62542703776972941 0.713793797838799 0.81370616291623443 ...
     0.92655208654863408 1.053872145994672 1.1973747886018287 1.3589529504521582 ...
     1.5407021574586359 1.7449402268886398 1.9742286955644197 2.2313961097670281 ...
     2.5195633211761184 2.8421709430404007 3.20300913122065 3.6062498658084849 ...
     4.0564819207303353 4.5587487211290867 5.1185893014090782 5.7420825906681117 ...
     6.4358952668588385 7.2073334364588941 8.0643984127233033 9.0158468827845351 ...
     10.071255771997139 11.24109213303891 12.536788407424307 13.970823428305547 ...
     15.556809555781246 17.309586359452471 19.245321287714368 21.381617789301583 ...
     23.737631379976968 26.334194176019839 29.193948446397229 32.341489767249605 ...
     35.803520395657486 39.609013514644481 43.789389038085936 48.378701702701825 ...
     53.413842214694 58.934752260917591 64.984654238835034 71.610296605971357 ...
     78.862215798256642 86.795015717594509 95.467665842325459 104.94381907005467 ...
     115.29215046068455 126.58671810853312 138.90734743622832 152.3400402697705 ...
     166.97741012383389 182.91914519917412 200.27250067002419 219.15282191872302 ...
     239.68410045765253 261.9995643649944 286.24230515098145 312.56594306535976 ...
     341.13533295482432 372.12731288140384 405.73149781928447 442.15112085854634 ...
     481.603924459889 524.32310442481435 570.5583093710826 620.57669863373258 ...
     674.664061647746 733.12600200971133 796.2891895628029 864.50268400223376 ...
     938.13933365724824 1017.5972532709196 1103.3013847707282 1195.7051452012529 ...
     1295.2921661757241 1402.5781293956256 1518.1127029874788 1642.4815836134956 ...
     1776.3086495282259 1920.2582299769306 2075.0374965634305 2241.3989824558644 ...
     2420.143235548459 2612.1216119563042 2818.2392164885741 3039.4579970238965 ...
     3276.8 3531.3507945286265 3804.2630729564116 4096.7604360130454 4410.1413710205088 ...
     4745.7834319810054 5105.1476307173871 5489.783048608675 5901.3316788450638 ...
     6341.5335095210894 6812.231858295173 7315.3789697653119 7853.0418871490692 ...
     8427.4086103068148 9040.7945526160147 9695.6493096861377 10394.563753404898 ...
     11140.277465321018 11935.686523904043 12783.851660771128 13688.006801541222 ...
     14651.56800756486 15678.142835384879 16771.540131410322 17935.780279933486 ...
     19175.105923288407 20493.993173638431 21897.163336592144 23389.595167581767 ...
     24976.537682695831 26663.523546439093 28456.383059698477 30361.258772025642 ...
     32384.620743204578 34533.282479953414 36814.417574525069 39235.577072904722 ...
